n,i,algo1,algo2,algoR,algo4
4,0,9848,8165,70722,6025,
4,1,4552,3002,7823,2345,
4,2,4645,2890,7700,2305,
4,3,3586,2360,6114,1668,
4,4,3664,2172,6114,1754,
4,5,3512,2542,6126,1674,
4,6,3928,2151,5017,1533,
4,7,2930,2072,5129,1697,
4,8,3241,2041,5283,2228,
4,9,3228,2169,8540,1630,
4,10,3001,2073,4936,1490,
4,11,3145,2208,5015,1772,
4,12,3587,2067,5513,1519,
4,13,3964,2325,5468,1515,
4,14,3683,2127,8104,5930,
4,15,4182,2922,12695,5649,
4,16,4092,87322,6223,1760,
4,17,3280,1752,4538,1551,
4,18,2658,1870,5194,1355,
4,19,3211,1926,4269,1450,
4,20,2845,1879,4148,1427,
4,21,3012,1859,4199,1334,
4,22,2847,1799,4130,1364,
4,23,2965,1858,4015,1307,
4,24,3015,1832,4033,1427,
4,25,2908,1947,4391,1319,
4,26,2869,1928,4805,1120,
4,27,2326,1427,3232,1154,
4,28,3171,2377,4298,1398,
4,29,2906,2110,4420,1430,
4,30,6294,1796,6102,1542,
4,31,2960,1986,4158,1485,
4,32,3022,1955,3862,1393,
4,33,2652,1842,3990,1337,
4,34,2918,1916,4278,1377,
4,35,3043,1899,4204,1328,
4,36,3157,2482,8484,1554,
4,37,3187,2046,4326,1815,
4,38,3234,2226,4875,1634,
4,39,3116,2115,4233,1448,
4,40,3096,2120,4173,1715,
4,41,2901,2045,4170,1470,
4,42,3033,2040,5915,1619,
4,43,3173,2093,12800,40279,
4,44,3160,2152,4370,1461,
4,45,2930,1920,4237,1537,
4,46,2866,1995,6272,1520,
4,47,2966,1903,4204,1507,
4,48,2893,1892,4062,1620,
4,49,2618,1843,4162,1633,
4,50,3162,1940,4141,1484,
4,51,2990,1967,4270,1475,
4,52,2842,1741,4458,1729,
4,53,3596,2095,4200,1650,
4,54,3012,2021,6721,1529,
4,55,3078,1947,4409,1493,
4,56,3006,2208,4550,1585,
4,57,3184,2040,4590,1661,
4,58,2964,1865,4561,1627,
4,59,3087,2023,4461,1649,
4,60,5809,1984,4143,1620,
4,61,3153,1861,4388,1676,
4,62,2971,2054,6031,1631,
4,63,3034,1989,6163,1612,
4,64,3251,2048,4435,1538,
4,65,2964,2012,4299,1508,
4,66,2994,1836,4360,1553,
4,67,3079,2004,4333,1583,
4,68,3061,1879,4152,1499,
4,69,2823,1990,4363,1681,
4,70,2977,2007,4290,1516,
4,71,2988,1821,4513,1432,
4,72,3197,1795,4358,1490,
4,73,2954,7438,24309,1504,
4,74,2821,2001,46612,2645,
4,75,3683,1950,3447,1580,
4,76,3159,2694,4078,1647,
4,77,3231,1769,3378,1655,
4,78,3306,1735,1351721,1954,
4,79,2795,1914,3802,1463,
4,80,2921,1722,3634,1410,
4,81,2967,1696,3240,1488,
4,82,2943,1990,3355,1444,
4,83,3035,6140,7382,1535,
4,84,2635,1772,3355,1322,
4,85,3694,1939,3906,1505,
4,86,2685,1902,3207,1653,
4,87,2933,1812,3075,1387,
4,88,2815,1904,3246,1575,
4,89,2906,1971,3001,1385,
4,90,6875,1765,2851,1324,
4,91,2617,1751,2775,1406,
4,92,2911,1854,2912,1410,
4,93,2725,1880,2824,1462,
4,94,2828,1725,2893,1319,
4,95,2741,1663,2890,1484,
4,96,2885,1718,2972,1404,
4,97,2838,1733,2885,1425,
4,98,2742,1703,2757,1358,
4,99,2733,1888,2697,1518,
4,100,2652,1921,2993,1376,
4,101,2748,1726,2997,1514,
4,102,3067,1921,2936,1334,
4,103,2701,1583,2759,1465,
4,104,2581,1702,2869,1503,
4,105,2768,1813,2895,1425,
4,106,2805,1887,2968,1222,
4,107,2890,1598,2799,1288,
4,108,2674,1676,2683,1284,
4,109,3201,1531,2920,1325,
4,110,2744,1646,2760,1417,
4,111,2920,1647,3011,1255,
4,112,2929,1578,2761,1406,
4,113,2800,1656,2906,1417,
4,114,2964,1805,3754,1666,
4,115,3068,1999,3380,1575,
4,116,2874,1852,5442,1439,
4,117,3041,1558,2854,1542,
4,118,2818,1758,3222,1508,
4,119,2957,1824,3037,1379,
4,120,7009,1888,2959,1354,
4,121,2980,1916,3014,1605,
4,122,2918,1725,3109,1544,
4,123,2894,1780,2939,1456,
4,124,2759,1843,2905,1374,
4,125,2880,1752,3046,1396,
4,126,2763,1749,2876,2040,
4,127,4156,3435,3657,2956,
4,128,2918,1758,3461,1479,
4,129,2626,1637,2872,1846,
4,130,3360,2088,3139,1625,
4,131,2921,1780,2972,1441,
4,132,2695,1502,2558,1191,
4,133,3260,1948,3165,1398,
4,134,2575,1898,2938,1467,
4,135,2666,2625,3514,1798,
4,136,3001,1867,2997,1441,
4,137,2019,1517,2015,964,
4,138,2035,1185,1864,910,
4,139,1831,1276,1873,938,
4,140,1985,1226,1971,828,
4,141,1960,1165,1924,806,
4,142,1802,1159,1967,810,
4,143,1918,1096,1901,864,
4,144,1980,1135,1832,860,
4,145,2062,1072,1952,857,
4,146,1970,3808,1821,855,
4,147,3118,1881,3708,1522,
4,148,2877,1600,3014,1501,
4,149,2826,1762,3178,1502,
4,150,6065,1923,3318,1473,
4,151,2928,1959,2893,1330,
4,152,2449,1584,2429,1233,
4,153,3260,2048,3200,1525,
4,154,2955,1939,2881,1433,
4,155,2845,1558,2867,1477,
4,156,2816,1914,4750,1551,
4,157,2649,1577,2860,1381,
4,158,2535,1739,2604,1246,
4,159,2639,1452,5555,1372,
4,160,2727,1575,2860,1567,
4,161,2635,1548,2889,1502,
4,162,2696,1919,2832,1475,
4,163,2535,1686,2430,1248,
4,164,2826,1819,3021,1329,
4,165,2795,1710,2880,1386,
4,166,2876,1772,3099,1289,
4,167,2713,1595,2887,1274,
4,168,2831,1734,2954,1503,
4,169,3243,2010,3742,1616,
4,170,2996,2101,3336,1510,
4,171,2862,2603,15651,1604,
4,172,3087,2086,3636,1612,
4,173,2793,1920,3076,1506,
4,174,2679,1620,3160,1168,
4,175,2367,1820,2770,1234,
4,176,2476,1900,2830,1225,
4,177,2706,1756,2627,1121,
4,178,2889,1905,2891,1281,
4,179,2604,6031,2984,1365,
4,180,6069,1707,2932,1360,
4,181,2480,1588,2512,1458,
4,182,2781,1750,2756,1194,
4,183,2681,1693,2564,1343,
4,184,2567,1785,2885,1284,
4,185,2646,1810,2643,1017,
4,186,2657,1487,2638,2275,
4,187,3162,1976,3967,1509,
4,188,2825,1809,3089,1481,
4,189,2747,1560,2996,1364,
4,190,2915,1895,3143,1362,
4,191,2557,1795,3038,1439,
4,192,2758,1600,2906,1373,
4,193,2689,1625,3194,1312,
4,194,2683,1440,2812,993,
4,195,2444,1548,2707,1310,
4,196,2641,1697,2759,1415,
4,197,2451,1574,2529,1302,
4,198,2557,1633,2732,1322,
4,199,2400,1611,2616,1093,
4,200,2492,1638,2700,1258,
4,201,2541,1696,8840,1363,
4,202,2839,1805,3018,1366,
4,203,2724,1635,2856,1362,
4,204,2699,1734,2970,1361,
4,205,2877,1755,3004,1349,
4,206,2762,1591,2864,1396,
4,207,2760,1781,2966,1342,
4,208,2697,1610,2802,1320,
4,209,2942,1625,3025,1399,
4,210,18363,1799,2982,1310,
4,211,3460,2083,2900,1379,
4,212,3174,1713,2925,1250,
4,213,3210,1727,2552,1268,
4,214,2735,1638,2402,1265,
4,215,2593,1606,2544,1024,
4,216,4350,1944,4294,1729,
4,217,3307,1842,3080,1359,
4,218,2969,1609,2669,1203,
4,219,2785,5902,4259,1247,
4,220,2557,1480,2498,1484,
4,221,2599,1310,2723,1141,
4,222,2575,1384,2730,1170,
4,223,2658,1516,2504,1073,
4,224,2625,1540,2400,1174,
4,225,2460,1432,2498,1108,
4,226,2387,1445,2620,1106,
4,227,2418,1575,2698,1184,
4,228,2484,1413,2271,1033,
4,229,2401,1312,2280,877,
4,230,6251,2504,8464,2302,
4,231,3413,1725,2895,1281,
4,232,3778,2292,3944,1752,
4,233,3294,1871,3502,1370,
4,234,3155,1789,3271,1464,
4,235,2893,1540,2678,1229,
4,236,2683,1455,2355,1090,
4,237,2937,1693,2495,1329,
4,238,3110,1773,2585,1301,
4,239,3069,1785,2711,1306,
4,240,6652,1650,2553,1302,
4,241,2617,1691,2431,1435,
4,242,2522,1540,3122,1431,
4,243,3193,1694,3313,1488,
4,244,2923,1782,6812,1593,
4,245,3122,2019,2915,1467,
4,246,3035,1821,2727,1342,
4,247,3004,1736,2828,1477,
4,248,2914,2136,3027,1614,
4,249,3007,1880,3255,1298,
4,250,3021,1757,2924,1460,
4,251,3165,1881,3480,1380,
4,252,3290,2005,3038,1421,
4,253,2938,1634,2675,1447,
4,254,2953,1634,2778,1395,
4,255,3075,3433,3050,5386,
4,256,3020,1933,2963,1341,
4,257,2834,1860,2791,1345,
4,258,2992,1990,2720,1363,
4,259,3046,1776,2846,1309,
4,260,2920,1635,2913,1457,
4,261,2793,1760,2755,1241,
4,262,2841,1715,2831,1371,
4,263,3034,1791,2800,1270,
4,264,2804,1692,2670,1453,
4,265,2917,1605,2737,1388,
4,266,2856,1771,3173,1476,
4,267,3018,1888,2896,1227,
4,268,3072,1669,3028,1420,
4,269,2799,1524,2675,1359,
4,270,2646,1849,2803,1419,
4,271,6495,1758,2844,1326,
4,272,2858,1797,2855,1338,
4,273,2985,1727,2796,1321,
4,274,2770,1782,2760,1211,
4,275,3132,1935,2837,1573,
4,276,2753,1571,2621,1545,
4,277,3055,1685,3068,1314,
4,278,2739,1907,2485,1266,
4,279,2745,1761,2680,1243,
4,280,2617,1602,2804,1440,
4,281,2956,1673,2801,1360,
4,282,2781,1346,2467,993,
4,283,2046,1507,2116,1122,
4,284,2422,1533,2566,1249,
4,285,2675,1516,2715,1323,
4,286,2991,1515,2681,1270,
4,287,2631,1659,5429,1260,
4,288,2607,1651,2769,1348,
4,289,2778,1699,2887,1263,
4,290,2758,1697,2627,1236,
4,291,2807,1433,2669,1022,
4,292,2559,19008,2971,1330,
4,293,2870,1893,2696,1356,
4,294,2977,1626,2651,1270,
4,295,2731,1545,2347,1027,
4,296,2283,1364,2228,1020,
4,297,2295,1361,2284,1036,
4,298,2194,1474,2491,1167,
4,299,2519,1540,2614,1310,
4,300,2506,1600,2269,1249,
4,301,6051,1815,2504,1257,
4,302,2721,1684,2715,1294,
4,303,2530,1613,2638,1235,
4,304,2480,1644,2423,1278,
4,305,2375,1530,2455,1219,
4,306,2443,1473,3664,1676,
4,307,3074,1791,2811,1395,
4,308,2955,1672,2686,1334,
4,309,2990,1479,2653,1301,
4,310,2786,1721,2622,1307,
4,311,2774,1672,2668,1283,
4,312,2398,1541,2515,1298,
4,313,2743,1675,2576,1345,
4,314,2561,1638,2534,1335,
4,315,2682,1475,2474,1052,
4,316,2574,1704,2717,1156,
4,317,2477,1730,2708,1242,
4,318,2715,1455,2472,1172,
4,319,2812,1306,2364,1563,
4,320,2835,1542,2842,1307,
4,321,2390,1496,2713,1316,
4,322,2639,1681,2325,1095,
4,323,2830,1335,2390,1132,
4,324,2853,1460,2580,1294,
4,325,2700,1381,2636,1127,
4,326,2205,1375,2408,1030,
4,327,2168,1159,2353,764,
4,328,2263,1262,2160,745,
4,329,2279,1433,45126,1590,
4,330,2919,1725,2778,1219,
4,331,35387,2187,3879,1799,
4,332,2902,1642,2640,1406,
4,333,2679,1665,2804,1314,
4,334,2578,1671,2641,1404,
4,335,2608,1449,6801,1483,
4,336,2488,1354,1112,1144,
4,337,2622,1306,995,1176,
4,338,4649,1365,928,1160,
4,339,2564,1496,861,1110,
4,340,2576,1217,790,1045,
4,341,2510,1154,823,970,
4,342,2050,1174,701,1081,
4,343,2045,1228,729,1077,
4,344,1959,1135,777,965,
4,345,2225,1089,688,1083,
4,346,1954,1351,649,1002,
4,347,1966,1177,801,985,
4,348,2096,1546,703,1206,
4,349,2380,1406,735,1132,
4,350,2361,1455,932,1040,
4,351,2089,1424,746,1020,
4,352,2452,1397,762,1073,
4,353,2267,1225,827,1025,
4,354,2199,1370,933,1213,
4,355,2160,1440,837,1091,
4,356,2252,1271,798,854,
4,357,2182,1300,788,1124,
4,358,2400,1520,761,1018,
4,359,2601,1634,834,1085,
4,360,2524,1579,840,1115,
4,361,10658,1242,799,797,
4,362,2237,1224,800,978,
4,363,2274,1287,703,989,
4,364,2225,1186,708,1025,
4,365,2157,4282,2047,1235,
4,366,2178,1488,807,1120,
4,367,2245,1405,811,1246,
4,368,2243,1404,816,1200,
4,369,1211,1602,754,1173,
4,370,846,1311,722,1139,
4,371,702,1513,736,941,
4,372,667,1354,667,754,
4,373,614,1088,645,897,
4,374,712,1258,716,1052,
4,375,730,1294,754,998,
4,376,727,1170,692,825,
4,377,588,1324,724,800,
4,378,582,1343,694,846,
4,379,687,1244,678,906,
4,380,604,1346,762,850,
4,381,575,1309,745,787,
4,382,586,1265,725,888,
4,383,609,1640,785,2482,
4,384,586,1586,762,966,
4,385,729,1803,836,1043,
4,386,762,1582,781,921,
4,387,570,1331,821,957,
4,388,644,1390,801,957,
4,389,583,1487,809,1047,
4,390,594,1537,780,1078,
4,391,632,1534,720,835,
4,392,589,1273,548,725,
4,393,691,1285,772,713,
4,394,632,1138,700,728,
4,395,637,1302,680,687,
4,396,706,1225,800,799,
4,397,637,1202,719,745,
4,398,630,1145,659,831,
4,399,576,1189,1130,780,
4,400,584,1507,735,724,
4,401,654,1289,689,637,
4,402,682,1210,642,712,
4,403,598,1090,644,941,
4,404,598,1391,701,857,
4,405,614,1265,673,772,
4,406,596,1325,803,770,
4,407,625,1399,931,761,
4,408,628,1244,782,764,
4,409,698,1355,684,994,
4,410,671,1291,622,840,
4,411,603,1203,758,838,
4,412,562,1277,705,651,
4,413,625,1306,687,843,
4,414,553,1151,702,859,
4,415,590,1130,3063,938,
4,416,520,1254,683,830,
4,417,571,1269,684,740,
4,418,612,1163,685,711,
4,419,462,1085,696,799,
4,420,686,10492,775,908,
4,421,675,1210,705,896,
4,422,492,1138,746,892,
4,423,862,1307,800,1043,
4,424,728,1375,902,1031,
4,425,518,1322,699,922,
4,426,630,1249,846,1144,
4,427,651,1440,692,955,
4,428,570,783,720,967,
4,429,720,567,682,1040,
4,430,568,446,692,1075,
4,431,593,438,684,858,
4,432,572,493,637,860,
4,433,540,397,623,685,
4,434,572,357,605,653,
4,435,587,385,592,641,
4,436,599,375,640,712,
4,437,607,379,647,721,
4,438,566,373,586,714,
4,439,559,365,570,686,
4,440,613,356,599,677,
4,441,728,395,1768,2761,
4,442,1047,683,1110,1499,
4,443,919,566,920,1426,
4,444,682,531,857,1195,
4,445,720,457,709,1008,
4,446,664,421,763,908,
4,447,582,392,606,1168,
4,448,611,473,760,1097,
4,449,605,641,859,1362,
4,450,616,398,697,1081,
4,451,3206,397,666,908,
4,452,658,450,875,1469,
4,453,678,403,759,1133,
4,454,489,405,688,1058,
4,455,561,410,602,911,
4,456,632,398,660,965,
4,457,604,345,718,836,
4,458,599,363,580,2132,
4,459,724,462,1089,860,
4,460,477,325,501,563,
4,461,475,343,476,495,
4,462,360,301,466,505,
4,463,327,253,462,576,
4,464,359,244,447,508,
4,465,316,277,409,500,
4,466,302,296,410,495,
4,467,392,291,456,433,
4,468,350,239,410,488,
4,469,383,273,463,462,
4,470,317,241,490,441,
4,471,359,254,460,443,
4,472,392,244,399,434,
4,473,308,254,410,453,
4,474,348,247,442,419,
4,475,358,249,481,417,
4,476,300,251,432,438,
4,477,313,254,458,443,
4,478,312,263,420,490,
4,479,315,257,438,438,
4,480,314,249,414,436,
4,481,312,301,441,440,
4,482,311,272,424,409,
4,483,307,265,442,450,
4,484,319,322,419,416,
4,485,363,262,448,471,
4,486,330,240,465,477,
4,487,327,298,421,413,
4,488,328,226,448,434,
4,489,409,259,445,410,
4,490,319,255,467,420,
4,491,342,287,409,423,
4,492,343,260,478,427,
4,493,295,275,452,505,
4,494,294,270,458,426,
4,495,341,305,404,425,
4,496,354,245,417,439,
4,497,310,236,486,493,
4,498,333,268,431,422,
4,499,318,243,429,460,
4,500,352,298,423,440,
4,501,321,275,413,481,
4,502,363,264,421,535,
4,503,310,251,436,472,
4,504,313,237,421,491,
4,505,301,263,385,485,
4,506,329,255,502,409,
4,507,307,235,485,408,
4,508,419,299,464,686,
4,509,335,320,448,540,
4,510,345,241,421,435,
4,511,376,237,1243,9207,
4,512,366,241,445,1114,
4,513,329,250,462,583,
4,514,321,258,465,632,
4,515,323,250,410,507,
4,516,343,282,448,475,
4,517,355,263,446,537,
4,518,307,249,393,556,
4,519,295,258,500,517,
4,520,354,250,620,854,
4,521,532,388,752,961,
4,522,546,376,701,852,
4,523,679,402,742,931,
4,524,577,399,666,961,
4,525,611,361,663,871,
4,526,527,448,683,859,
4,527,557,411,722,500,
4,528,648,382,676,359,
4,529,610,394,677,369,
4,530,593,391,708,360,
4,531,639,388,680,307,
4,532,598,445,658,315,
4,533,631,387,680,289,
4,534,688,479,731,304,
4,535,598,395,662,337,
4,536,618,414,754,298,
4,537,601,361,704,349,
4,538,663,395,728,368,
4,539,696,449,700,346,
4,540,660,405,626,303,
4,541,642,396,675,390,
4,542,670,418,661,278,
4,543,644,389,628,319,
4,544,676,383,557,270,
4,545,603,394,700,312,
4,546,572,407,725,298,
4,547,621,380,758,361,
4,548,528,362,729,335,
4,549,625,393,740,337,
4,550,590,410,713,315,
4,551,480,407,750,314,
4,552,617,417,666,295,
4,553,1201,677,956,550,
4,554,1028,595,1113,499,
4,555,608,432,779,328,
4,556,560,394,551,310,
4,557,682,386,687,314,
4,558,611,389,626,313,
4,559,588,324,808,327,
4,560,577,458,610,312,
4,561,600,456,673,355,
4,562,600,443,668,291,
4,563,565,350,622,333,
4,564,636,374,672,317,
4,565,487,458,721,290,
4,566,610,428,713,300,
4,567,568,379,664,310,
4,568,490,386,697,424,
4,569,561,319,602,298,
4,570,489,365,745,398,
4,571,584,425,1763,661,
4,572,1026,595,717,340,
4,573,594,377,655,286,
4,574,544,459,725,332,
4,575,599,403,700,340,
4,576,603,364,670,295,
4,577,654,505,789,331,
4,578,683,381,635,329,
4,579,607,402,679,279,
4,580,614,470,638,330,
4,581,566,379,557,284,
4,582,484,373,548,247,
4,583,481,362,591,313,
4,584,597,324,615,281,
4,585,604,415,610,310,
4,586,615,353,691,305,
4,587,618,389,583,309,
4,588,554,346,669,312,
4,589,627,391,589,281,
4,590,614,380,646,285,
4,591,548,407,581,372,
4,592,542,329,583,260,
4,593,499,383,561,259,
4,594,547,364,545,262,
4,595,520,315,564,243,
4,596,496,340,595,268,
4,597,602,381,721,336,
4,598,533,394,670,337,
4,599,521,439,616,342,
4,600,595,354,646,386,
4,601,601,394,636,272,
4,602,1329,693,1344,535,
4,603,690,439,687,332,
4,604,640,417,645,221,
4,605,635,377,626,296,
4,606,471,335,517,285,
4,607,542,346,706,257,
4,608,550,364,642,472,
4,609,640,395,754,339,
4,610,538,418,642,331,
4,611,619,354,690,337,
4,612,630,330,623,313,
4,613,642,338,652,316,
4,614,561,390,750,316,
4,615,527,390,604,301,
4,616,507,414,618,243,
4,617,531,345,590,234,
4,618,535,389,1521,499,
4,619,1046,580,947,408,
4,620,649,429,676,312,
4,621,665,424,623,396,
4,622,565,354,639,318,
4,623,513,341,571,303,
4,624,670,403,609,410,
4,625,500,370,548,302,
4,626,569,334,684,373,
4,627,624,366,647,367,
4,628,480,385,597,327,
4,629,527,365,641,385,
4,630,595,429,618,388,
4,631,576,483,614,351,
4,632,490,1288,670,432,
4,633,569,364,613,299,
4,634,559,330,662,363,
4,635,513,341,599,262,
4,636,578,386,713,299,
4,637,564,412,656,309,
4,638,599,349,713,277,
4,639,575,382,693,303,
4,640,669,420,720,379,
4,641,552,346,679,340,
4,642,698,405,705,267,
4,643,602,376,596,288,
4,644,601,337,700,342,
4,645,647,337,597,373,
4,646,561,364,619,311,
4,647,486,363,683,288,
4,648,518,405,627,434,
4,649,682,385,765,285,
4,650,526,389,564,229,
4,651,1196,600,1008,495,
4,652,910,602,1480,454,
4,653,672,492,913,260,
4,654,575,420,698,251,
4,655,589,344,653,247,
4,656,546,345,633,257,
4,657,576,413,668,302,
4,658,597,378,1980,246,
4,659,590,374,630,275,
4,660,568,360,591,246,
4,661,555,385,675,255,
4,662,542,450,667,310,
4,663,546,341,634,262,
4,664,530,340,620,247,
4,665,537,362,607,295,
4,666,552,355,606,302,
4,667,619,424,592,244,
4,668,541,351,600,377,
4,669,609,336,758,262,
4,670,655,358,657,244,
4,671,532,359,560,290,
4,672,620,377,740,275,
4,673,730,509,799,359,
4,674,628,367,673,358,
4,675,581,385,683,257,
4,676,545,374,659,287,
4,677,469,337,635,263,
4,678,540,359,610,248,
4,679,560,346,606,320,
4,680,525,360,756,280,
4,681,530,355,604,252,
4,682,635,399,615,248,
4,683,654,382,623,272,
4,684,557,408,594,298,
4,685,582,352,605,249,
4,686,540,389,653,244,
4,687,543,449,574,264,
4,688,565,352,656,262,
4,689,563,340,591,258,
4,690,630,346,592,295,
4,691,532,338,673,269,
4,692,2198,400,601,250,
4,693,570,350,591,249,
4,694,589,355,599,245,
4,695,555,353,568,277,
4,696,542,351,620,296,
4,697,564,334,646,281,
4,698,563,391,635,273,
4,699,565,365,633,249,
4,700,559,350,592,242,
4,701,577,363,585,301,
4,702,620,377,686,274,
4,703,527,383,621,272,
4,704,567,435,609,244,
4,705,715,380,600,248,
4,706,589,350,593,262,
4,707,647,337,652,297,
4,708,539,358,640,241,
4,709,581,383,663,240,
4,710,585,369,603,327,
4,711,554,368,567,306,
4,712,556,317,893,324,
4,713,372,263,425,181,
4,714,352,269,413,188,
4,715,506,396,564,336,
4,716,605,398,688,303,
4,717,512,310,535,248,
4,718,436,291,547,460,
4,719,556,312,652,278,
4,720,436,421,567,250,
4,721,532,322,507,316,
4,722,610,381,635,348,
4,723,583,358,682,361,
4,724,560,400,715,344,
4,725,627,410,685,320,
4,726,573,381,664,346,
4,727,630,423,742,285,
4,728,490,405,600,361,
4,729,565,395,686,287,
4,730,622,392,695,321,
4,731,628,400,655,357,
4,732,558,420,910,382,
4,733,610,370,667,406,
4,734,605,423,690,324,
4,735,617,415,648,328,
4,736,598,340,724,323,
4,737,622,370,623,332,
4,738,462,393,651,300,
4,739,536,404,622,350,
4,740,628,405,593,343,
4,741,515,354,711,337,
4,742,591,413,692,324,
4,743,677,429,741,286,
4,744,583,397,708,278,
4,745,516,379,619,304,
4,746,537,420,737,361,
4,747,505,373,635,299,
4,748,651,443,650,358,
4,749,616,426,757,250,
4,750,630,407,630,376,
4,751,639,422,640,317,
4,752,593,367,710,343,
4,753,589,436,720,362,
4,754,593,395,652,352,
4,755,524,383,563,288,
4,756,565,405,2778,316,
4,757,594,403,733,328,
4,758,628,410,731,318,
4,759,494,385,580,305,
4,760,595,380,664,320,
4,761,557,364,662,328,
4,762,534,334,667,340,
4,763,591,360,721,377,
4,764,538,361,674,305,
4,765,624,407,559,322,
4,766,644,350,610,301,
4,767,516,385,642,306,
4,768,530,362,608,412,
4,769,554,371,688,300,
4,770,634,398,689,432,
4,771,577,278,490,200,
4,772,597,392,647,283,
4,773,679,351,660,346,
4,774,569,420,702,321,
4,775,585,435,689,320,
4,776,593,432,662,353,
4,777,566,475,675,352,
4,778,586,399,568,286,
4,779,560,345,716,356,
4,780,545,396,757,353,
4,781,594,376,580,300,
4,782,506,370,575,316,
4,783,485,356,678,343,
4,784,574,402,744,358,
4,785,569,358,653,372,
4,786,505,356,603,307,
4,787,548,449,709,314,
4,788,606,425,729,292,
4,789,544,360,575,478,
4,790,537,427,729,312,
4,791,591,358,687,386,
4,792,555,450,640,386,
4,793,516,259,467,260,
4,794,398,256,439,189,
4,795,429,245,485,198,
4,796,379,322,398,204,
4,797,363,235,461,191,
4,798,437,256,440,190,
4,799,324,313,418,194,
4,800,360,231,396,180,
4,801,308,264,482,205,
4,802,327,247,420,199,
4,803,365,247,439,184,
4,804,322,242,1283,201,
4,805,366,239,418,222,
4,806,359,235,409,195,
4,807,348,274,430,200,
4,808,326,252,425,172,
4,809,352,234,426,188,
4,810,333,279,479,184,
4,811,349,233,393,185,
4,812,366,259,457,203,
4,813,326,243,436,199,
4,814,328,246,415,189,
4,815,348,223,437,184,
4,816,399,232,447,178,
4,817,320,242,473,200,
4,818,351,223,428,198,
4,819,329,232,463,195,
4,820,337,256,453,175,
4,821,295,221,417,187,
4,822,320,240,500,236,
4,823,314,258,399,203,
4,824,393,241,429,183,
4,825,355,238,499,250,
4,826,317,246,376,196,
4,827,337,244,453,197,
4,828,362,269,448,181,
4,829,315,234,422,201,
4,830,357,213,450,188,
4,831,310,291,407,244,
4,832,540,358,635,293,
4,833,561,354,664,340,
4,834,609,379,667,289,
4,835,615,384,738,305,
4,836,616,391,750,320,
4,837,603,383,715,1059,
4,838,1027,529,1300,313,
4,839,755,415,835,302,
4,840,608,420,748,419,
4,841,626,442,664,330,
4,842,553,351,598,253,
4,843,562,389,639,324,
4,844,591,453,660,327,
4,845,483,464,875,289,
4,846,463,361,559,262,
4,847,534,355,556,248,
4,848,523,305,602,270,
4,849,489,361,553,246,
4,850,493,316,534,285,
4,851,540,303,632,248,
4,852,493,422,667,265,
4,853,543,378,600,290,
4,854,520,371,575,256,
4,855,578,355,551,366,
4,856,522,424,638,318,
4,857,504,356,619,258,
4,858,551,359,620,260,
4,859,583,351,545,259,
4,860,515,319,561,255,
4,861,565,365,593,275,
4,862,546,345,648,273,
4,863,475,373,535,265,
4,864,553,265,520,196,
4,865,397,285,490,193,
4,866,308,222,442,201,
4,867,317,251,429,238,
4,868,327,287,446,198,
4,869,318,276,452,203,
4,870,373,282,448,237,
4,871,358,289,411,190,
4,872,329,231,416,188,
4,873,368,243,461,244,
4,874,359,278,420,193,
4,875,357,245,383,185,
4,876,551,359,495,235,
4,877,360,3016,482,187,
4,878,333,227,446,204,
4,879,315,226,396,201,
4,880,328,292,529,226,
4,881,397,311,442,199,
4,882,359,267,386,188,
4,883,332,240,443,197,
4,884,350,221,409,189,
4,885,305,232,440,190,
4,886,337,251,413,180,
4,887,327,245,447,243,
4,888,351,243,418,202,
4,889,321,236,446,205,
4,890,348,235,419,200,
4,891,313,247,443,233,
4,892,317,234,487,182,
4,893,381,292,481,198,
4,894,370,243,443,240,
4,895,358,241,459,208,
4,896,338,242,540,212,
4,897,414,370,522,209,
4,898,333,275,417,202,
4,899,318,245,421,200,
4,900,321,232,412,190,
4,901,380,283,422,198,
4,902,315,276,460,199,
4,903,323,252,415,217,
4,904,399,282,417,191,
4,905,413,248,430,249,
4,906,319,286,435,180,
4,907,350,265,426,187,
4,908,317,302,435,198,
4,909,491,354,646,210,
4,910,363,235,477,190,
4,911,320,239,445,221,
4,912,319,278,437,200,
4,913,358,289,448,189,
4,914,367,243,394,193,
4,915,366,235,516,227,
4,916,322,243,426,194,
4,917,312,280,416,200,
4,918,349,272,406,197,
4,919,305,250,510,245,
4,920,357,237,433,190,
4,921,310,231,469,190,
4,922,321,284,500,207,
4,923,299,235,459,237,
4,924,312,283,465,195,
4,925,442,238,420,199,
4,926,324,235,431,181,
4,927,313,267,425,204,
4,928,323,228,461,223,
4,929,349,255,482,173,
4,930,361,242,460,188,
4,931,352,234,494,316,
4,932,436,234,490,178,
4,933,1889,238,450,208,
4,934,468,241,444,209,
4,935,362,243,467,204,
4,936,346,232,418,241,
4,937,323,234,446,187,
4,938,333,228,466,266,
4,939,373,243,422,265,
4,940,420,224,408,208,
4,941,302,239,406,185,
4,942,359,244,442,178,
4,943,321,232,448,234,
4,944,316,219,444,200,
4,945,309,240,483,192,
4,946,350,263,432,190,
4,947,349,243,440,198,
4,948,357,270,415,186,
4,949,342,266,496,187,
4,950,320,234,1252,200,
4,951,318,248,483,190,
4,952,320,245,457,196,
4,953,378,241,474,198,
4,954,323,227,477,197,
4,955,350,243,421,213,
4,956,318,278,470,173,
4,957,298,286,452,272,
4,958,615,365,656,316,
4,959,615,381,693,373,
4,960,400,275,620,304,
4,961,532,393,601,319,
4,962,577,408,800,316,
4,963,639,425,675,324,
4,964,590,511,667,353,
4,965,571,400,712,285,
4,966,626,428,719,300,
4,967,568,430,774,269,
4,968,379,271,460,201,
4,969,346,306,509,187,
4,970,357,269,384,241,
4,971,323,239,458,204,
4,972,392,273,398,205,
4,973,310,281,461,210,
4,974,311,272,616,233,
4,975,368,279,387,229,
4,976,352,227,410,195,
4,977,388,273,462,239,
4,978,325,245,437,204,
4,979,332,238,456,204,
4,980,316,257,470,247,
4,981,413,246,479,179,
4,982,335,275,450,193,
4,983,321,230,447,197,
4,984,320,262,475,236,
4,985,317,253,428,184,
4,986,322,235,465,242,
4,987,345,237,460,228,
4,988,339,241,475,175,
4,989,369,313,458,215,
4,990,298,220,475,190,
4,991,298,284,455,245,
4,992,365,232,470,198,
4,993,331,243,446,246,
4,994,386,286,447,208,
4,995,350,243,467,222,
4,996,296,240,453,221,
4,997,356,296,464,199,
4,998,322,242,445,187,
4,999,375,240,407,254,
